464
11398
10905
447
247
82
9552
318
3562
284
564
251
36410
447
251
6697
286
262
2266
10905
447
247
82
4069
13
14657
88
1682
6370
284
651
503
287
2166
286
6319
12
5124
13
770
318
13013
416
4634
262
2496
604
19867
4058
286
6319
12
5124
447
247
82
1459
4067
287
262
4571
326
6319
12
5124
318
16574
13
1881
6631
284
428
318
618
6319
12
5124
318
11300
510
13
14444
284
281
30343
5434
287
262
2438
11
262
17952
3407
257
1364
11677
4961
284
262
2938
510
11677
13
198
464
779
286
6319
12
5124
447
247
82
2938
2292
3578
262
2137
284
14561
262
16408
2438
329
14657
88
13
383
